610494295
618861884
563193023
624672079
642382110
614504132
624052841
631801485
561134535
620020667
611724352
582908729
635697443
627115946
536971601
542384607
596493067
597510930
614202788
561170613
599371171
600167424
623422498
549636952
605726287
598911383
561410628
593372011
586372080
617368615
553234046
636886096
576800594
598066916
531658561
586313634
537261593
644786267
593504001
542619307
583280765
533500301
570490878
595404613
632644548
538361519
597193301
625150196
554032316
554320985
626867017
613859948
636815530
596819488
616156151
551079486
559256169
